100 100 1
1 55
2 72 64
3 7 60 53
4 33 10 73 81
5 77 80 63 12 78
6 39 99 25 37 40 76
7 98 51 28 18 24 83 26
8 19 43 22 21 88 16 75 42
9 95 13 89 17 2 59 58 20 45
55 1 3 4 5 6 8 9 23 27 29 30 41 44 46 47 48 49 50 11 14 15 82 84 85 86 87 90 52 54 56 57 71 74 79 31 32 34 35 36 38 91 92 93 94 96 97 100 61 62 65 66 67 68 69 70
1 55
2 72 64
3 7 60 53
4 33 10 73 81
5 77 80 63 12 78
6 39 99 25 37 40 76
7 98 51 28 18 24 83 26
8 19 43 22 21 88 16 75 42
9 95 13 89 17 2 59 58 20 45
55 1 3 4 5 6 8 9 23 27 29 30 41 44 46 47 48 49 50 11 14 15 82 84 85 86 87 90 52 54 56 57 71 74 79 31 32 34 35 36 38 91 92 93 94 96 97 100 61 62 65 66 67 68 69 70
1 55
2 72 64
3 7 60 53
4 33 10 73 81
5 77 80 63 12 78
6 39 99 25 37 40 76
7 98 51 28 18 24 83 26
8 19 43 22 21 88 16 75 42
9 95 13 89 17 2 59 58 20 45
55 1 3 4 5 6 8 9 23 27 29 30 41 44 46 47 48 49 50 11 14 15 82 84 85 86 87 90 52 54 56 57 71 74 79 31 32 34 35 36 38 91 92 93 94 96 97 100 61 62 65 66 67 68 69 70
1 55
2 72 64
3 7 60 53
4 33 10 73 81
5 77 80 63 12 78
6 39 99 25 37 40 76
7 98 51 28 18 24 83 26
8 19 43 22 21 88 16 75 42
9 95 13 89 17 2 59 58 20 45
55 1 3 4 5 6 8 9 23 27 29 30 41 44 46 47 48 49 50 11 14 15 82 84 85 86 87 90 52 54 56 57 71 74 79 31 32 34 35 36 38 91 92 93 94 96 97 100 61 62 65 66 67 68 69 70
1 55
2 72 64
3 7 60 53
4 33 10 73 81
5 77 80 63 12 78
6 39 99 25 37 40 76
7 98 51 28 18 24 83 26
8 19 43 22 21 88 16 75 42
9 95 13 89 17 2 59 58 20 45
55 1 3 4 5 6 8 9 23 27 29 30 41 44 46 47 48 49 50 11 14 15 82 84 85 86 87 90 52 54 56 57 71 74 79 31 32 34 35 36 38 91 92 93 94 96 97 100 61 62 65 66 67 68 69 70
1 55
2 72 64
3 7 60 53
4 33 10 73 81
5 77 80 63 12 78
6 39 99 25 37 40 76
7 98 51 28 18 24 83 26
8 19 43 22 21 88 16 75 42
9 95 13 89 17 2 59 58 20 45
55 1 3 4 5 6 8 9 23 27 29 30 41 44 46 47 48 49 50 11 14 15 82 84 85 86 87 90 52 54 56 57 71 74 79 31 32 34 35 36 38 91 92 93 94 96 97 100 61 62 65 66 67 68 69 70
1 55
2 72 64
3 7 60 53
4 33 10 73 81
5 77 80 63 12 78
6 39 99 25 37 40 76
7 98 51 28 18 24 83 26
8 19 43 22 21 88 16 75 42
9 95 13 89 17 2 59 58 20 45
55 1 3 4 5 6 8 9 23 27 29 30 41 44 46 47 48 49 50 11 14 15 82 84 85 86 87 90 52 54 56 57 71 74 79 31 32 34 35 36 38 91 92 93 94 96 97 100 61 62 65 66 67 68 69 70
1 55
2 72 64
3 7 60 53
4 33 10 73 81
5 77 80 63 12 78
6 39 99 25 37 40 76
7 98 51 28 18 24 83 26
8 19 43 22 21 88 16 75 42
9 95 13 89 17 2 59 58 20 45
55 1 3 4 5 6 8 9 23 27 29 30 41 44 46 47 48 49 50 11 14 15 82 84 85 86 87 90 52 54 56 57 71 74 79 31 32 34 35 36 38 91 92 93 94 96 97 100 61 62 65 66 67 68 69 70
1 55
2 72 64
3 7 60 53
4 33 10 73 81
5 77 80 63 12 78
6 39 99 25 37 40 76
7 98 51 28 18 24 83 26
8 19 43 22 21 88 16 75 42
9 95 13 89 17 2 59 58 20 45
55 1 3 4 5 6 8 9 23 27 29 30 41 44 46 47 48 49 50 11 14 15 82 84 85 86 87 90 52 54 56 57 71 74 79 31 32 34 35 36 38 91 92 93 94 96 97 100 61 62 65 66 67 68 69 70
1 55
2 72 64
3 7 60 53
4 33 10 73 81
5 77 80 63 12 78
6 39 99 25 37 40 76
7 98 51 28 18 24 83 26
8 19 43 22 21 88 16 75 42
9 95 13 89 17 2 59 58 20 45
55 1 3 4 5 6 8 9 23 27 29 30 41 44 46 47 48 49 50 11 14 15 82 84 85 86 87 90 52 54 56 57 71 74 79 31 32 34 35 36 38 91 92 93 94 96 97 100 61 62 65 66 67 68 69 70
55 1 3 4 5 6 8 9 23 27 29 30 41 44 46 47 48 49 50 11 14 15 82 84 85 86 87 90 52 54 56 57 71 74 79 31 32 34 35 36 38 91 92 93 94 96 97 100 61 62 65 66 67 68 69 70 5
