69 79 2
3 4 6 63
3 30 68 59
1 29
3 58 64 28
1 77
1 22
1 1
1 35
1 71
2 62 58
2 4 67
2 21 45
3 5 31 36
3 10 75 40
2 34 42
2 31 55
2 37 31
2 46 29
3 48 65 3
1 43
3 59 64 63
1 43
3 75 10 24
1 5
3 48 38 55
1 44
1 44
3 35 51 46
3 75 68 23
1 22
2 17 2
2 1 41
3 68 11 51
1 30
1 25
2 42 54
3 6 58 78
2 14 50
3 26 20 68
3 72 11 10
1 66
3 39 2 50
1 66
3 14 16 50
2 68 12
2 49 72
2 22 52
3 46 53 58
3 41 2 33
2 65 17
3 73 30 67
1 57
3 13 45 19
3 57 7 48
3 30 40 61
3 67 68 72
1 21
1 55
1 12
1 7
1 42
3 33 5 71
2 32 4
2 50 40
3 32 62 23
3 77 58 62
3 46 55 24
1 8
1 62
9 73 10 70 27 49 61 66 75 37 9
66 46 33 45 8 24 68 14 3 28 78 50 55 63 2 76 4 43 18 12 19 23 17 15 39 44 34 74 13 25 36 69 47 16 56 32 60 5 11 72 51 40 38 71 59 1 62 53 41 21 26 67 54 77 42 9 20 79 58 57 31 48 7 22 64 52 65 25
