61 59 2
1 3
3 8 54 49
2 24 5
3 43 53 34
3 2 36 10
1 12
2 37 24
2 14 57
1 1
1 35
1 19
3 37 32 35
2 22 45
2 30 5
2 23 42
1 24
3 57 46 34
1 28
1 39
2 59 9
1 44
2 21 3
2 57 35
3 33 1 39
3 30 43 15
1 26
3 21 48 1
1 22
1 43
3 5 28 27
1 14
3 59 38 17
1 35
2 7 9
1 45
2 26 33
1 23
3 6 43 50
1 58
3 30 41 43
2 10 14
2 27 28
1 5
1 3
3 36 10 51
1 58
2 57 31
3 20 33 43
2 27 48
3 43 19 50
2 56 4
3 43 34 16
2 42 1
2 26 41
1 17
2 50 56
3 22 35 37
2 18 47
1 11
1 9
2 47 42
27 29 51 16 40 20 18 41 4 53 47 5 3 7 27 44 46 6 23 43 32 15 19 17 50 24 33 38 15
32 2 22 14 11 55 35 31 48 21 9 36 26 42 39 49 54 56 25 34 45 59 52 58 37 28 10 57 1 12 8 13 30 32
