58 55 6
3 36 22 45
1 25
2 33 36
3 24 40 16
3 45 51 52
1 11
3 51 17 36
2 48 50
3 27 16 24
3 49 46 31
3 19 43 28
1 23
3 7 49 38
2 26 20
1 53
3 49 48 34
2 46 26
3 44 39 26
1 49
1 44
1 31
2 53 45
3 8 12 52
3 49 29 55
1 2
1 17
1 31
1 53
3 7 52 46
2 50 26
1 25
1 42
1 21
2 9 28
2 5 2
2 33 2
3 21 40 3
3 22 42 24
1 35
1 5
1 1
2 10 25
3 38 44 5
3 52 19 18
1 20
1 8
1 51
3 6 22 18
3 30 4 31
3 25 37 7
1 37
2 19 48
2 44 36
2 31 20
2 48 8
2 7 15
1 44
2 36 11
15 47 48 15 34 44 4 35 40 18 24 46 33 45 6 2 7
10 43 13 50 8 32 29 22 21 12 10 6
15 9 14 37 5 55 23 11 26 20 41 3 49 30 7 19 2
2 1 38 2
2 28 54 1
8 42 16 27 17 52 25 36 51 1
