79 58 2
2 13 11
1 34
1 36
2 41 18
3 14 36 32
2 32 13
1 34
3 6 19 21
1 22
3 32 44 31
1 45
3 15 47 23
1 5
2 11 38
1 45
1 36
3 46 9 30
3 43 54 1
3 9 58 16
2 23 52
1 26
1 1
1 18
2 14 15
3 17 44 16
2 28 51
2 15 52
1 10
2 28 10
2 36 1
1 23
2 23 24
1 52
1 14
1 39
3 17 46 36
3 3 30 29
2 41 36
2 15 37
1 34
3 21 12 39
1 26
2 14 41
2 57 6
1 1
2 53 18
2 22 11
3 51 32 4
2 1 34
2 37 32
3 17 44 9
2 35 34
3 40 16 13
1 14
1 39
2 32 48
1 53
1 24
1 23
2 3 23
3 25 2 26
1 10
1 31
1 38
3 34 19 14
2 57 19
2 37 2
1 26
2 42 17
2 20 40
1 14
1 51
1 55
1 51
1 12
2 55 49
2 30 10
1 9
1 44
38 25 22 58 17 5 15 33 3 42 16 4 34 39 46 50 11 12 8 7 52 9 38 55 28 36 30 26 14 40 57 19 6 32 49 51 31 23 44 29
11 24 1 10 53 43 37 41 56 35 54 20 10
