54 73 2
3 45 71 3
2 14 17
3 72 15 47
1 11
1 2
2 15 49
1 16
3 2 5 35
3 45 29 53
2 1 42
1 45
1 23
2 52 39
1 51
2 51 32
2 36 17
3 34 65 60
3 48 45 53
1 29
1 22
3 53 6 33
1 35
2 22 16
1 44
3 68 65 12
3 24 31 26
3 64 2 72
2 49 27
1 41
1 68
2 30 47
1 63
1 70
3 51 12 5
2 46 73
3 42 9 20
3 35 33 47
1 31
1 52
3 39 3 23
2 49 37
1 11
2 36 7
1 71
3 42 19 31
2 72 34
3 55 52 35
1 71
2 64 49
2 14 51
2 46 10
3 36 4 69
3 67 33 53
2 1 55
62 26 8 70 1 3 36 38 39 22 63 13 16 52 32 60 66 4 42 61 73 2 10 48 21 72 58 6 31 67 7 40 54 14 62 46 19 55 56 11 27 43 9 68 71 44 59 34 28 33 64 37 29 51 41 17 53 20 24 45 12 5 49 52
7 65 18 57 23 15 25 30 5
