100 100 6
2 6 72
1 69
3 81 100 28
2 92 69
3 99 56 11
2 76 30
2 63 44
2 51 77
1 69
3 32 24 7
2 81 30
3 1 80 81
2 7 70
2 76 46
2 83 9
1 10
2 32 24
1 74
1 62
2 95 53
2 70 59
1 50
1 88
3 68 20 2
1 89
1 53
3 89 87 42
1 96
3 59 20 17
2 94 78
1 88
2 3 10
1 42
1 81
1 61
1 48
1 25
3 57 30 74
2 16 15
3 12 98 83
3 66 67 76
3 47 15 77
3 24 69 42
3 1 23 95
1 22
2 77 10
1 6
1 9
1 49
3 32 99 67
1 64
2 89 59
1 4
3 32 27 56
3 61 57 47
3 56 69 62
2 30 26
3 12 86 10
1 70
2 10 36
3 74 73 95
2 4 50
1 87
3 79 12 89
1 10
2 42 78
1 26
2 34 66
2 71 75
3 92 68 91
3 26 16 52
2 100 56
3 22 94 50
1 57
3 86 67 37
3 96 46 57
2 31 22
3 2 97 57
2 16 48
2 41 15
2 12 66
3 33 88 76
3 87 33 24
3 51 60 4
1 57
3 100 88 81
3 41 77 32
3 44 31 9
2 46 84
1 11
2 80 98
3 14 37 77
1 61
3 48 16 25
3 75 76 44
2 3 84
3 87 20 79
3 28 63 14
2 10 25
1 89
24 74 1 90 69 17 88 76 51 2 60 86 22 31 100 99 12 82 78 55 19 71 70 85 6 1
3 26 33 32 3
41 56 15 53 96 42 75 21 44 5 87 65 9 46 83 52 48 40 34 23 80 95 14 16 11 20 47 98 59 68 7 18 28 41 43 77 97 57 38 91 79 89 1
6 29 30 8 62 3 61 1
1 73 1
15 94 39 37 67 35 24 25 10 27 36 81 45 66 72 84 13
