100 100 2
3 60 27 100
2 52 98
1 17
3 26 66 10
2 66 78
1 24
1 31
2 48 10
1 82
1 98
2 15 87
1 75
3 85 26 61
2 23 29
2 4 6
3 13 93 35
3 64 10 15
1 86
2 55 83
1 31
3 97 98 19
3 72 84 7
3 96 42 23
2 98 26
2 67 90
2 53 31
1 14
1 36
1 10
3 34 56 21
2 4 70
3 26 41 72
1 41
3 25 63 96
3 40 77 89
1 3
3 11 93 59
2 28 58
3 17 44 23
3 61 79 58
2 4 50
2 35 42
1 59
2 87 81
1 15
1 23
3 15 33 62
1 39
1 83
1 9
1 81
1 90
2 7 39
2 9 63
3 50 54 6
3 40 87 100
3 8 23 74
3 36 98 76
2 3 85
3 35 86 51
2 44 41
3 52 3 53
2 56 11
2 47 97
2 52 56
2 27 81
2 62 30
3 38 62 42
3 74 77 59
1 73
1 16
1 6
2 83 11
3 45 21 23
1 30
1 48
1 53
2 56 14
2 95 51
1 88
2 48 64
3 72 89 88
1 67
1 9
1 55
3 98 75 8
2 4 86
3 69 38 76
1 30
2 54 52
3 29 100 25
2 23 13
3 13 31 98
2 84 52
3 81 78 17
2 81 2
1 2
3 28 29 89
1 51
1 9
39 60 42 44 43 65 14 61 29 50 56 83 74 62 17 76 67 39 91 6 59 57 68 99 25 93 88 87 53 19 24 98 51 15 7 84 97 95 23 8 32
58 66 58 13 49 71 90 22 3 31 46 86 47 73 54 34 40 28 75 72 1 55 82 92 2 80 52 37 27 12 96 85 4 5 64 69 38 18 20 94 41 77 16 100 30 81 11 36 21 70 35 10 78 26 33 63 89 48 79 57
