50 100 4
5 17 61 46 87 56
5 64 6 61 100 14
5 18 66 40 69 58
5 89 32 61 54 57
5 62 78 98 71 63
5 3 52 8 61 39
5 54 77 51 99 15
5 6 14 20 66 13
5 86 36 31 77 56
5 40 66 87 100 19
5 95 13 49 92 36
5 11 47 87 70 7
5 77 24 35 27 74
5 49 84 88 69 2
5 52 6 37 82 92
5 73 99 30 72 18
5 25 37 66 16 72
5 28 62 10 49 20
5 87 72 54 13 98
5 3 97 85 23 98
5 88 28 86 22 61
5 77 94 60 58 18
5 29 34 6 46 2
5 77 73 63 38 21
5 35 24 45 88 37
5 42 85 78 16 34
5 65 95 19 38 56
5 47 32 15 56 49
5 43 90 6 88 91
5 82 12 5 71 84
5 39 95 28 79 83
5 21 72 19 98 88
5 52 15 82 22 37
5 20 83 3 75 97
5 16 88 36 58 21
5 99 15 92 83 5
5 38 62 35 20 83
5 7 38 32 94 41
5 98 27 62 50 16
5 81 84 70 7 19
5 67 75 58 54 84
5 31 53 98 22 87
5 55 11 48 89 30
5 82 95 67 66 40
5 7 63 19 20 12
5 34 52 48 3 10
5 66 21 84 23 75
5 20 53 79 17 26
5 65 23 36 64 12
5 17 98 58 83 63
46 50 35 31 3 32 94 23 85 40 68 63 82 36 39 87 17 51 22 89 15 37 92 24 7 47 56 29 46 97 60 100 57 64 62 33 99 59 77 44 53 25 28 4 19 14 9 41
36 26 6 52 65 67 90 5 80 38 43 8 12 86 74 81 54 69 98 20 11 66 72 73 10 71 16 93 84 18 58 34 48 55 88 21 91 25
5 75 27 61 42 70 4
4 2 49 30 76 1
