50 100 6
5 55 15 38 34 79
5 75 64 82 89 1
5 22 87 99 90 50
5 4 47 46 21 90
5 26 42 1 64 100
5 58 32 40 5 94
5 24 94 79 55 69
5 94 36 32 82 88
5 53 20 38 95 70
5 41 93 67 61 82
5 45 54 34 8 5
5 92 91 44 1 47
5 89 24 41 67 78
5 9 60 65 92 93
5 4 96 13 42 90
5 34 35 100 95 68
5 44 100 2 3 5
5 45 100 92 89 20
5 32 7 50 92 67
5 66 83 11 70 78
5 23 63 20 8 96
5 54 8 42 21 3
5 94 22 58 50 66
5 2 49 62 93 37
5 34 76 96 35 67
5 14 100 49 24 21
5 27 99 83 98 6
5 31 51 65 24 71
5 68 17 45 25 66
5 10 26 67 24 71
5 55 9 46 50 43
5 13 63 42 87 15
5 39 37 49 36 42
5 79 38 59 3 9
5 26 71 53 2 89
5 14 79 55 89 49
5 9 97 47 11 39
5 59 25 33 71 11
5 47 62 99 95 49
5 41 26 39 99 28
5 47 76 50 51 29
5 38 64 7 92 53
5 8 53 1 54 15
5 40 64 39 72 86
5 2 18 99 100 64
5 100 92 89 38 42
5 68 36 17 18 86
5 97 55 1 4 99
5 5 63 3 6 16
5 17 45 31 55 68
7 16 41 63 25 44 45 62 5
12 87 19 13 6 92 29 50 99 81 40 49 61 6
8 60 98 79 43 17 52 31 90 2
33 71 23 11 26 93 9 53 84 65 15 76 33 38 21 88 95 42 67 48 74 66 78 64 3 2 97 24 73 7 39 36 20 54 17
20 46 35 14 94 51 69 18 58 5 56 91 77 8 4 27 32 37 68 10 12 14
14 86 1 75 59 47 72 85 96 30 83 34 22 57 100 5
