50 100 3
5 82 7 58 92 90
5 52 21 64 26 82
5 96 66 82 91 45
5 65 39 79 62 59
5 50 14 41 92 67
5 56 62 1 59 74
5 35 65 84 26 7
5 35 98 70 12 79
5 66 77 44 47 68
5 40 63 6 19 24
5 16 20 38 56 63
5 56 64 24 57 22
5 50 43 38 33 20
5 44 19 17 14 31
5 47 79 7 91 77
5 74 82 39 31 52
5 15 98 71 52 54
5 33 59 17 9 67
5 90 58 9 27 28
5 71 8 44 36 38
5 43 66 97 33 94
5 22 66 32 5 70
5 98 2 40 49 55
5 25 60 23 85 26
5 12 42 35 39 83
5 62 61 90 58 96
5 80 100 13 28 84
5 6 49 89 53 70
5 87 55 10 35 61
5 86 94 84 70 72
5 47 63 6 37 45
5 19 97 86 76 44
5 65 75 56 44 10
5 61 93 11 50 97
5 80 36 51 41 22
5 64 26 68 99 47
5 39 45 9 96 82
5 5 14 30 91 90
5 26 7 16 33 51
5 26 94 43 88 95
5 39 67 82 42 8
5 55 5 85 74 3
5 84 12 99 44 59
5 32 49 73 14 39
5 14 39 45 29 23
5 95 6 68 89 93
5 62 28 12 95 69
5 19 50 25 55 23
5 79 38 87 77 82
5 45 61 30 69 74
35 68 66 2 23 35 33 79 29 10 60 97 59 92 95 26 6 38 20 72 100 93 34 70 24 53 67 54 8 64 74 46 30 71 50 44 28
48 51 82 5 80 90 27 99 89 12 91 22 25 55 47 77 11 41 28 49 75 84 56 19 62 83 48 4 42 43 57 86 3 21 1 15 69 98 87 85 63 36 14 61 96 52 32 65 76 32
13 9 17 16 39 37 18 13 88 94 78 58 31 81 6
