50 100 4
5 63 73 22 89 92
5 42 44 28 1 67
5 99 39 13 74 46
5 53 11 71 85 40
5 71 26 97 69 88
5 98 55 100 43 99
5 63 15 21 3 58
5 14 46 99 93 98
5 18 92 37 82 17
5 82 87 27 4 71
5 19 26 96 67 94
5 35 64 48 87 58
5 99 49 25 19 51
5 34 32 48 85 76
5 45 2 19 81 35
5 35 14 21 17 43
5 84 42 39 50 87
5 25 65 87 11 23
5 85 11 99 55 13
5 32 38 60 16 13
5 5 69 32 37 4
5 18 51 76 31 19
5 19 14 13 9 15
5 99 33 80 37 96
5 54 73 6 52 27
5 19 83 64 78 51
5 29 34 19 60 71
5 22 77 73 98 60
5 91 68 25 55 76
5 40 6 8 71 42
5 55 76 15 61 27
5 93 31 61 9 8
5 63 37 94 82 48
5 64 55 76 88 4
5 35 30 71 12 85
5 46 3 90 6 73
5 31 60 100 97 72
5 78 42 2 90 50
5 62 53 38 55 34
5 85 70 40 12 57
5 44 99 86 66 10
5 70 12 59 69 36
5 42 28 35 90 52
5 12 31 53 1 80
5 14 53 69 68 38
5 5 37 78 17 45
5 73 15 31 38 24
5 52 1 87 11 69
5 22 4 49 8 93
5 100 19 24 52 71
35 55 68 48 98 85 43 82 23 86 96 88 12 62 34 40 30 24 26 29 95 25 93 41 42 51 11 87 3 16 81 89 2 97 65 56 29
21 75 13 27 67 32 31 36 44 21 80 14 38 8 57 33 66 92 71 20 45 9 12
21 28 54 6 100 17 1 49 79 78 35 69 5 19 37 73 39 72 60 15 99 58 14
20 63 10 77 18 61 83 50 7 47 74 94 22 91 84 64 59 52 70 46 90 18
