100 100 2
4 23 24 8 38
1 78
4 98 57 6 28
3 76 48 21
5 12 10 79 85 94
2 6 92
4 74 22 67 64
2 41 87
4 30 32 21 68
1 30
1 60
2 1 7
5 33 18 74 11 49
5 56 25 15 100 6
5 21 24 55 58 64
1 53
3 24 26 12
2 7 37
1 98
5 23 14 22 92 88
4 40 49 39 65
4 90 22 55 11
2 10 20
5 2 24 4 78 49
5 34 55 4 1 5
3 75 18 66
2 57 49
1 6
4 22 21 29 43
5 91 39 36 62 50
5 85 53 67 86 20
5 92 23 100 96 67
5 66 32 93 22 98
2 70 20
2 50 14
4 92 5 61 53
1 50
5 11 16 27 30 67
3 4 19 66
5 45 31 1 37 4
2 34 31
3 5 29 3
4 54 46 23 67
4 28 16 40 38
4 66 19 50 83
2 68 48
3 12 30 95
3 34 78 16
1 38
4 85 8 50 30
5 16 80 10 83 71
4 66 36 70 16
1 43
5 70 86 47 100 80
1 85
5 31 100 92 69 95
1 76
4 57 58 11 89
4 94 59 69 47
3 26 69 33
1 38
3 59 89 49
4 73 58 35 72
1 55
2 76 82
2 85 39
5 25 9 18 35 78
3 81 67 6
1 99
3 91 68 76
4 17 31 4 26
2 75 27
1 93
4 53 7 90 43
1 14
2 100 49
1 79
1 47
4 82 46 1 72
3 28 2 81
4 5 59 75 32
2 98 24
5 50 82 80 92 12
3 95 63 93
5 42 26 74 77 59
1 30
5 35 57 83 16 67
3 26 42 19
2 39 94
1 40
1 82
3 39 27 78
4 19 4 95 96
2 23 54
2 4 83
2 61 18
4 79 5 26 20
5 87 10 20 37 1
2 71 84
1 97
86 13 8 47 10 81 28 11 80 32 33 3 99 4 26 52 49 61 90 67 78 50 18 14 73 68 62 16 29 66 75 96 43 19 41 59 54 22 40 76 24 95 70 42 64 100 9 17 57 38 79 89 83 97 69 23 74 5 27 86 48 30 93 35 7 63 98 45 36 39 92 46 12 25 44 87 72 82 53 85 20 60 84 1 91 21 6 75
9 37 71 31 34 56 55 94 65 88 7
