100 100 2
4 90 8 18 23
4 5 58 51 91
4 41 77 46 82
4 60 99 18 11
3 7 68 40
3 96 81 7
2 9 2
2 50 9
4 72 79 20 81
1 10
4 21 86 69 54
2 81 53
1 91
2 94 10
3 81 5 51
5 28 11 41 74 60
2 37 83
2 8 63
3 18 38 85
5 59 39 73 91 43
3 33 21 2
2 90 34
4 40 73 26 50
1 52
1 67
5 43 98 48 57 62
2 95 47
1 53
2 96 95
1 3
2 3 56
3 92 90 66
4 14 44 85 79
2 46 97
1 40
2 85 97
3 1 43 54
4 47 42 19 41
2 73 67
1 29
1 18
5 52 1 83 47 85
4 93 82 62 78
4 8 15 22 16
5 64 21 90 62 63
3 2 86 81
5 64 61 5 81 30
1 33
4 2 69 29 46
1 91
4 24 98 38 45
5 4 60 86 94 21
5 53 74 37 85 93
5 97 32 78 5 64
4 58 33 22 4
5 64 79 10 14 68
1 78
1 65
5 16 37 66 21 10
5 5 2 6 54 50
3 31 6 53
4 16 37 46 71
1 61
4 32 74 68 37
4 90 1 18 6
2 36 78
3 90 34 51
5 87 53 84 18 58
2 41 25
3 38 95 96
4 95 27 24 62
4 27 4 16 97
1 5
2 38 2
3 71 5 19
3 57 3 75
4 91 67 39 15
5 85 10 3 80 89
1 93
4 5 96 19 1
1 75
4 93 29 8 16
3 26 73 89
5 99 54 70 65 44
2 21 29
3 23 60 86
1 4
4 57 100 60 9
2 86 44
2 66 51
2 98 28
1 38
3 41 44 29
2 87 17
3 67 15 52
3 52 4 82
3 60 33 52
3 39 89 11
2 55 13
5 4 41 2 42 100
76 42 36 24 91 47 100 95 50 96 34 59 29 87 82 84 37 72 74 56 22 58 69 48 25 61 26 89 16 21 15 38 54 20 83 92 19 71 32 70 49 97 23 86 73 6 90 8 10 41 55 77 7 60 81 65 12 53 14 2 62 27 94 43 9 98 4 52 67 40 93 3 64 31 18 63 33 52
20 5 44 79 76 85 46 28 45 68 78 51 13 66 17 35 30 99 80 11 1 19
