100 100 3
3 68 92 51
3 17 41 69
1 65
2 89 30
3 31 4 41
1 26
2 16 25
3 28 27 30
2 49 63
1 12
1 27
1 40
2 71 32
2 48 87
2 77 52
2 32 44
1 58
1 49
1 34
2 61 15
1 61
3 18 24 66
1 78
1 3
1 88
1 48
2 68 87
1 19
1 94
1 89
2 5 89
3 91 17 49
3 27 9 34
2 33 51
2 62 7
2 10 94
1 9
1 42
3 94 12 51
2 73 39
2 29 28
2 71 44
1 28
2 38 61
1 22
1 58
1 69
3 93 14 77
2 93 70
2 86 81
3 24 5 89
1 86
1 94
3 11 23 83
2 61 95
1 82
1 7
3 25 61 10
3 38 15 82
3 14 19 40
1 43
2 4 59
1 71
2 89 81
1 23
2 87 70
2 21 26
3 85 51 80
1 40
2 60 74
1 74
3 18 89 86
2 92 45
3 62 49 86
1 27
3 57 14 30
2 86 55
2 70 57
3 68 49 87
1 22
3 4 13 83
3 99 48 35
1 46
2 95 83
2 21 43
2 86 72
1 71
3 6 93 35
3 60 83 63
1 56
3 42 69 63
3 19 62 72
1 59
1 59
1 60
2 84 9
2 8 27
2 86 32
2 72 8
3 7 71 80
82 62 81 71 21 32 4 52 66 84 38 24 96 2 57 34 78 49 13 87 54 76 19 17 60 50 1 35 77 18 39 93 59 6 92 51 65 7 68 45 25 20 55 88 37 43 12 69 58 91 89 86 97 48 14 95 100 83 53 16 42 94 67 56 31 79 44 47 30 80 15 70 11 41 82 74 75 72 61 73 27 85 22 74
5 40 9 64 3 99 1
11 26 8 10 46 90 33 23 98 36 5 29 1
