100 100 2
2 70 33
3 83 43 9
3 76 61 19
1 17
2 11 78
3 32 47 82
2 40 15
1 54
1 62
3 22 96 75
3 66 60 96
3 54 56 28
1 69
1 20
2 12 82
3 36 13 61
1 41
1 36
1 58
2 17 56
3 13 83 19
2 42 66
1 47
1 8
2 41 57
2 78 20
2 92 55
1 4
1 33
2 11 88
1 46
2 20 51
2 2 69
1 95
2 29 41
3 36 68 99
2 14 76
2 41 19
1 85
1 97
3 29 59 56
2 5 60
2 55 79
1 75
2 13 60
3 53 17 44
3 15 87 37
1 2
1 60
3 14 82 20
3 62 79 38
2 83 49
3 37 28 88
3 55 100 22
3 5 90 76
1 92
2 98 45
2 58 68
2 91 88
1 52
3 27 58 48
1 80
2 54 68
1 60
1 71
2 23 60
2 51 68
3 15 66 8
1 33
3 13 20 3
1 85
1 26
3 59 5 19
1 24
2 24 95
1 45
3 2 23 19
2 43 85
3 8 92 56
1 6
3 60 88 97
3 13 80 50
1 51
2 45 18
2 39 8
3 7 9 8
1 29
2 62 63
3 54 70 50
2 42 62
1 29
1 65
3 89 66 61
1 80
1 9
3 47 68 54
2 28 62
3 56 64 44
1 73
3 40 75 11
83 81 71 30 32 29 3 85 48 78 57 28 65 86 45 7 58 39 89 69 22 79 20 87 98 63 61 92 14 34 4 80 9 90 17 18 53 91 40 10 64 54 84 70 42 66 67 25 59 43 37 19 41 62 13 11 49 97 76 12 82 5 75 24 95 44 93 21 31 83 27 88 6 55 38 99 47 15 96 8 16 94 100 36 30
9 2 60 68 72 26 33 74 50 1 8
