100 100 2
1 85
2 97 26
2 89 54
2 49 75
1 6
3 75 45 32
3 94 71 25
3 59 5 44
1 60
3 12 36 4
1 20
2 71 97
1 59
1 93
3 28 35 64
1 61
2 51 52
1 73
1 69
3 32 64 95
1 36
2 78 39
1 49
1 50
3 14 8 99
2 67 27
3 30 98 5
3 100 8 46
2 35 14
2 19 78
3 61 13 59
3 51 38 39
1 87
3 73 46 35
1 12
1 75
1 62
1 35
3 38 32 37
3 46 44 91
2 44 3
3 54 41 89
2 32 48
3 67 20 75
2 3 38
2 29 31
2 60 17
2 49 27
2 46 70
3 72 66 10
1 58
2 10 89
2 90 8
3 64 60 22
3 77 51 84
1 62
2 44 10
1 71
1 98
1 97
3 57 14 30
1 24
1 37
3 79 26 71
2 90 83
3 43 59 22
2 64 83
3 8 92 82
3 26 31 21
3 51 78 88
1 53
3 62 41 27
3 66 49 90
2 31 61
2 89 82
2 53 64
2 12 7
3 93 33 68
3 7 71 90
3 2 94 9
1 34
3 7 52 35
2 10 66
3 59 6 89
1 10
2 44 21
3 33 65 43
3 78 49 23
1 46
3 65 6 91
1 92
1 1
1 97
2 44 5
1 49
3 9 11 45
1 83
1 85
2 97 37
2 97 11
77 43 24 48 58 20 2 67 60 38 46 57 97 15 78 32 61 13 5 33 66 35 7 27 95 39 52 100 11 99 18 88 42 69 73 84 56 26 74 96 14 71 81 79 30 4 6 17 59 65 87 8 37 76 68 16 34 93 31 19 44 10 77 82 92 9 62 55 45 75 89 63 70 90 36 54 47 40 62
16 25 22 28 41 72 23 64 53 50 49 3 1 21 86 98 91 15
