1000
186746293 515456616 625961902
190164914 738738691 973159681
900043248 911583652 325283554
187679632 305773481 98870044
92766384 914669547 334925336
389111894 676968134 947011775
224097377 709801518 2902846
575213200 809402661 349198109
136801182 505297847 116038202
533133741 785157062 412173844
525197401 651598186 716183454
79905611 101929210 397094772
235771384 674116313 678396051
915508403 959702302 363199289
544546692 724661739 733652670
913492438 985595792 412955529
606607964 895178287 6517234
37603547 476273002 644974372
455443326 533349039 924604002
455555228 953902929 372911313
9312752 374942192 655829597
732333656 761789671 401878600
62168774 473792395 568187104
826633772 920221599 166178513
817403227 965420972 41585223
771153679 946783016 493417044
32584507 235081830 429114124
87252635 436735978 732231859
28581120 272206407 27408047
901606800 935254354 511143027
861750235 872016021 6304851
603648697 625083182 210532630
909231265 984996123 485405007
153747421 798230001 517383284
637956433 766728360 228934288
441424549 926180211 65436834
534624274 887208608 871612444
754050987 995077757 943176181
257643456 531028659 717405619
458543553 529340587 395417018
285575035 560715026 508126900
47083896 70659464 486405148
160782280 622488889 966350786
422291332 949290118 971062474
732523574 756236611 220580696
247108374 796494219 385377771
389732113 915614850 820809902
922921278 937584724 215992070
912901350 982139933 658114699
193714986 851864055 950918109
572797186 841888341 80479981
640291782 862198284 918378672
452083778 789352863 277483349
641754144 807085436 288395484
546117329 714117446 562295522
49938830 187079750 960405716
538669608 614003539 102273718
255421716 633258253 802087928
856113233 958394390 270238155
271574856 893689436 61710242
342741899 668621938 988423253
463091995 993533059 272917884
114462002 996377841 869365839
522823602 537651681 330904457
464518041 478254528 829213192
626142359 936402226 629055618
23903722 174382794 260642879
560074552 631020685 357801174
221753450 821454189 345633742
683461919 833816225 948986151
277913205 790620498 949716380
190094662 378796424 851817497
468922044 842974937 530657870
47070445 826839696 154897190
212929272 932052023 902193776
669936103 808816405 649248129
27676899 523222071 247204235
832426680 935695778 780593595
114050576 456966925 344737660
755012684 859477930 616952301
605114060 898644402 562779210
302814267 307692170 587635977
313437864 845220787 226786415
324128274 551459123 523073504
735227264 858733024 756259309
687832239 743049652 475851360
684129074 791654761 506874489
396173331 680740308 504984779
282604143 640642812 835378358
888678069 953538294 757154231
179228956 783667817 259907103
77262372 260409528 643002089
744844889 745666768 100172799
234871965 965235886 60104886
202988619 888795938 275729069
564411008 711728794 983661241
598897915 702377219 878998618
109259636 226534569 268780335
677551111 955592861 565878985
834583431 880702286 978166505
373481550 965001092 639497141
992632053 995523199 897730952
704817202 948090219 995994372
732305223 797459312 767510035
658093107 885741680 998116265
246043117 947122512 945815772
624401490 827659973 45192008
890795910 949042921 956326326
348753996 839393591 437287165
461268795 837665649 245112542
765727315 946342867 283003414
254363246 473933392 102941485
262624719 349027102 245430485
11805739 150157846 783211386
987957043 988062369 160799868
973580897 980074070 855670890
722758761 879548316 176566914
307639131 415410864 4349923
268589607 869622644 189957036
524530013 690965603 279028603
854685912 873925132 566405684
276174744 982029945 916348205
775916195 922608830 766387848
609130217 783046579 489866912
671695245 836933376 247333666
954692309 981668175 135964065
183379972 607070358 179615668
429866649 923935100 232779186
132825605 433814173 738956637
942870657 982566664 550488020
37213425 164194921 701076775
574260361 871123465 510463785
528848345 761633406 423294883
936626680 960309681 125755491
720080570 883438063 963423727
38057188 628079812 479379257
263608983 345149465 459732364
451065830 940086275 703729839
110406932 884641900 742835823
685464849 829775551 399182898
398036294 647244293 870909975
26169849 399731419 651129711
285978185 515531125 457969741
891697508 954802759 614936238
770270131 772456158 284118547
602583053 853160742 660568788
739656187 842270108 158063511
501965069 848421109 349166157
938396460 956045987 216909958
745776594 917112371 930560745
537493638 918424762 780978578
346660157 806012951 44019688
875239646 991396102 291593700
477528756 926382132 98938121
974183228 981830829 440347554
582813209 604527124 850505661
870766004 926425723 631245771
197690919 581302990 291981979
356307431 876038143 423082179
474979266 557007129 26197604
563696680 754227274 222591275
413167605 599422664 342799328
970955773 991255596 658676822
314676570 937664334 839517759
445489322 774716149 668261847
25206374 913882677 243311909
318905671 970832650 873323000
434520383 647360654 519623132
995002490 998383892 245998369
273813562 281548202 972549132
527471854 907561279 406669681
845667387 953584714 752425603
593699861 883127779 276132690
347130845 679006885 993596684
525797560 826342756 818518676
56168131 887274650 385485033
876898712 882795576 207018558
928337899 935466787 703154856
956247061 993697976 667019872
879425160 968860598 129688184
887797710 916250377 611762004
165844470 641772550 828741856
231110370 354843183 87491318
484628604 903819255 465153078
965287292 973599817 188925065
583617296 931858912 576857577
880112727 976335494 132171046
640476363 689794690 712463451
346215573 511964654 402767011
655519946 901204127 39224057
416638047 670099798 203396954
641133209 846857328 415358448
685466275 795082841 630296198
808027801 943701860 444930799
771496756 908316288 563776881
276183609 439421919 674268890
942033307 983470305 699157791
620749119 952197318 335993988
623416807 843754353 779772168
783364539 958047534 964529011
107865065 562305469 494910893
260195556 595809580 776828750
515736583 586300027 524368261
33495847 375303112 882624881
426286165 530696671 32113089
293770577 419805915 806048422
879221995 929305700 351390272
602928204 722492009 569327782
804096288 851152956 469594577
821589125 989446815 793907301
564607083 853721167 565462136
430717412 863442450 251930427
900123115 998378645 223633343
509094014 952255012 12309652
248449952 788769628 918733489
147686915 816136850 890958811
143001921 198511966 364244481
752224670 978939683 69251345
584783837 835951662 383528398
637570963 702169328 365242265
308957645 405040494 49735814
407994502 828222705 602431587
761707346 766130083 646523612
813107574 954807985 930739156
188845357 344972310 474144107
740695071 785984996 38756348
171076976 319061098 916872234
678158645 936880874 904618741
497953031 741775560 202258437
773660105 789562461 320846286
299254782 539399018 506624371
621716157 707709805 849928061
468382142 970689204 866841415
385247612 392223168 172820364
316580552 521521992 252490043
884628538 973443801 10738636
97694713 280680653 449367782
584655823 708865757 181938814
96540929 730926690 840540041
147120014 579970286 940428646
152237816 628126433 590128088
522345011 917982491 324773792
188668726 225879905 375103410
227093174 253068734 404787183
484400276 610507820 977847586
881227560 952273839 290776152
942002248 975861639 874259633
327427906 859063088 643118417
912639626 993299032 120800603
608202344 749156606 52678522
813289091 949419996 239232581
90614814 478018951 395890250
130459742 895424518 932927668
327536874 880105726 737318432
467667541 549175580 882909601
392101686 432536734 78299816
151766710 481061411 416506651
962540087 996356807 810143523
417596272 594264916 871145701
377596974 879159819 123583985
187166389 888122697 182425935
17033700 627474283 624628709
859033050 965613964 677214375
324250609 856088514 590368913
141149689 943048460 752256571
368022657 569410400 640541425
766214479 869495947 347322609
301805871 480729204 449771720
672706131 989259631 982503702
727410099 751344441 657465573
793404056 797202159 949440289
805819129 912738358 969090813
869112798 954325645 22252040
229816082 299565523 482842058
453488277 601315260 556899079
949494389 990484053 946956756
879380139 917548606 723009814
6903415 419135340 146723477
443365884 706918919 970637813
62244036 851664894 260805917
52103295 863817940 476382204
854205789 874475015 7223307
557941162 851810520 227373864
29879858 403143684 656219832
686073025 715387441 551070051
96073711 542310631 467664206
27794119 110457783 259566782
311356321 905217659 488228184
849972745 969826619 383181904
294781371 893423210 149501621
827437899 903232186 389844801
311408086 972880335 75985826
557046657 683963356 688745785
847564310 926861303 313196096
649332554 671607275 244901310
16817615 718306532 118608776
428993120 549168831 48988880
222250284 589436553 44283654
493896371 679620404 528523002
335548126 971731194 503516625
340662935 647833421 864243048
788651232 983971557 284358330
235863360 719280148 335869233
330499057 618529470 62924578
140371260 165080300 153899482
305282442 365038985 929910900
81494357 192954515 589100048
809375821 875744922 636900224
932264390 945929447 876680197
758055331 831247898 630025078
775089194 926979654 798694000
291328935 762349387 977349314
951895244 971731591 110748756
891252133 982056615 513172094
164493951 406885815 508156594
494793761 770255295 536074552
207987482 937111103 842993702
602478558 709114750 342319678
328148711 915775534 18369424
62363341 655506303 552403821
974173171 999921664 981689164
489058553 816733201 980427890
125878078 274459008 640995847
165303552 615086638 29101469
906979453 924750945 909335530
840610517 846743897 520339407
171025211 276079158 321002932
741585068 937642047 102710223
617999864 633375656 748656765
237170151 954288233 641787855
231434448 520488505 100407315
735181129 888348441 727909496
53791876 581083487 762563930
465548811 882578863 293190067
31536395 709380101 588456619
114045501 754385034 32217965
25985839 265694349 255587278
242954891 946372543 587271582
516126226 674302812 888735771
617551364 680467744 361297606
958871937 999223947 622197172
956242382 994205905 327456977
297221225 658562011 582680607
989567980 997022417 239715279
492595043 833463574 878706355
521445322 901195598 58107997
664613031 744674356 902027877
332947539 835416161 95155819
822730698 986291989 631494404
468892419 553019553 996540995
981144842 989033385 475618944
492211441 715779404 406085189
196363160 205092575 694163007
90212985 167669349 48991398
565254457 677889221 679129500
457747467 790384815 945325509
270468900 919344361 881929386
788008079 847573179 288280828
71798400 421054889 660344289
55813405 218888565 108155502
697236379 985760948 773339534
818599583 906980072 137720756
258938659 966039233 856375514
326864009 367018759 867864925
562631798 757095975 770555686
808568711 905871549 188407884
452855785 472741711 396515745
406613 418486504 379198338
418333031 779350090 520137931
300684526 326277082 980062992
786498012 927919171 725830991
780030556 865308034 126414248
78292845 269174500 212384420
8939538 695339647 958117949
435186369 788594577 750520336
534365387 848677233 58888639
171868872 734580665 793180450
517524795 756042108 344087789
803126314 931380934 740971054
255474750 644533612 864784111
608733782 801861669 749715056
62695226 775549183 936410063
389706207 397149802 346785908
793509383 938586413 393429351
545009344 592418996 125076870
435316672 792680335 55420302
973822307 998447775 98205205
845974266 976892352 535479970
47179721 63342262 385816689
255278690 765157414 163299232
798516548 983765745 400192006
743304231 826458804 509612857
437861141 575568046 149860995
514098699 924272648 199714564
703864527 841317729 508262859
502835829 618545193 468719310
26919058 362926138 187530277
268026424 488556215 879030518
712201630 882138523 432289178
678655259 744096934 198359640
73843535 213021530 851156123
514794170 923301846 932147854
521319278 949063320 393990082
606570691 697985560 191864072
168186636 850900561 499607508
159836629 661196967 514331127
745602159 751233064 310723531
965365428 985752237 105799502
552977803 816438903 909205639
684750217 860001730 993346764
816568482 865718735 367741878
888772025 914070897 23141425
70885183 991568083 69177273
110778245 240554303 514191549
583017363 622908759 768932776
291014684 856675649 402712934
622715728 945829858 514202145
957430717 957598396 307907846
779222962 839076167 617169905
631487526 659556191 427138770
52823249 177159004 475053200
321344163 751764374 98875951
293394205 783097928 197566527
254909720 491353299 611068456
481622325 841071605 491641308
172296787 876455134 730728462
346250526 426588577 85067017
486381606 799058170 553506398
58104771 430523476 538408388
760099717 970569823 650885045
516725085 920863401 3708272
914710418 936295356 645649959
404378565 532441212 144490368
276969498 835079782 518292402
976850747 991967948 742922239
451438318 960391735 153783565
802631769 988298241 838354740
325367966 602518344 554642520
385957923 743176106 452191899
312815645 879033521 523590700
387070656 662878969 450895119
103557984 119486986 951479724
737432810 961181381 607737494
285307949 951083365 484010617
19275860 875749162 522747142
568601802 596641267 988393756
302752707 542267216 816154239
218480287 722862399 310051902
112112444 313472197 855425260
559426515 584188509 355803239
920330997 942454513 122123393
325247760 832853848 813781427
19799153 965425387 852327192
525032289 948410986 41873449
230333622 727290547 617052691
763757785 805838303 575355435
943238823 998333120 264684108
11836941 861970926 158377452
966605389 974592348 388145688
96898788 382174881 938872747
453530013 643706253 460347711
174439473 984673635 402026751
316245622 736194036 134145039
917479438 928264908 532055537
94741331 661145495 505911049
333449283 946761828 813285593
287199764 957056299 848113425
654690124 930856653 557735091
938253931 992218915 837507361
861036975 958701658 887748022
189600929 960363293 285315395
670005024 778818748 151957944
176640224 327425106 383803358
732269219 750125816 937011210
518232580 646151677 430562455
14800535 473722950 954325039
440656762 937747091 811600518
755407082 960617093 426733196
59915707 261546568 957403474
428226981 605383950 775963815
261902775 552499760 809984990
593982275 967390043 101835919
461184401 954977177 613907931
18076124 955356630 825361854
32333714 291681523 913321101
29953074 154415135 255382280
240340834 683363266 64050873
19914891 604555409 551852953
626338137 672666166 669901671
245844615 265735264 830779190
414878819 902098857 912600052
19809168 237709310 761060318
511275845 518561215 5322120
574894948 630967415 967054758
60978138 393646838 345956922
691578205 699183943 6655847
987385335 990430584 840984555
447054816 764596575 149152085
725102661 868518216 238567233
497034485 588484451 486861294
869893846 870787299 413722958
669312686 867514626 371010184
670967363 838657718 634862873
225382025 954410551 462263425
467417854 878566147 179219129
270790905 581828397 160470241
334164683 870894399 137422082
9724864 550541242 312782467
420739804 578869625 245783826
572507270 706597005 630587329
661388890 816360450 80191246
755995644 756490793 632160629
328044838 746048147 832948338
58016783 640988548 963065623
761073095 866836712 558628206
66747142 552888979 399312643
933127610 980125612 96535184
338379606 930468040 894447984
623037692 912126842 932017911
346347977 858900690 264096360
189381131 527991634 385261059
550708269 857605512 162309298
76196051 790380855 157888971
15339117 530299911 52558802
119214873 771183301 438723070
992022120 997572037 66394391
824915383 981203837 714735353
378028587 988872811 775238463
857474594 948581215 213448078
835579383 980268405 31375460
4780057 317203648 75462168
957365418 958719317 840343315
249660177 441744011 474930523
205393582 803077444 965273579
978497525 999505522 937807207
431354353 633770105 113656578
549164385 647184923 433583548
155663353 423231350 839235887
256879328 507584141 940107224
916614046 964717540 321828545
623533133 762252738 468831392
513847093 522789089 784431129
787780973 800037999 250070794
976153638 977640210 879273178
483804656 549112094 124956903
66849218 906467771 180216524
147983828 644916000 687190469
90731280 846175403 982581662
238173325 688295683 478616793
511622593 626994869 89098698
873874731 902057993 489472765
739355314 956258141 766009696
529844696 959483604 835829547
682311333 894144065 222539597
252113577 433439812 704903583
344170199 745343393 903339879
929117018 982897286 344902544
308400980 906956537 523019264
143868331 299884092 349862437
900426114 986117740 655446913
897678991 948322357 200837646
833817018 905657626 900075030
77424579 282925036 387567008
29984293 279316244 258550067
352313271 745227971 463296519
386287484 732717117 462695318
348862455 696667263 938661678
70691584 999803564 717525767
380443290 875173120 651118390
338454120 682021744 936583020
555545401 580954572 510069401
282238283 345284724 187688205
642977005 660895519 726203268
16701792 23247498 867767090
630291718 727493765 946059223
699436804 970657173 858462268
474877682 962309605 455960018
741399405 894713160 602792719
237812656 260999367 59874191
771500954 956638251 234774971
737129538 971798874 637771664
573923703 896811845 126041254
242300431 910680309 697998302
518256613 608857474 703497264
296625380 704119825 652591371
982309581 991043102 645912049
794883026 882542677 105523862
287958015 902554857 349076577
536668604 974283483 459281254
747408841 751573890 236547024
38739537 60506781 577063765
294689895 386767178 945035921
525557971 855930455 105017439
345580998 655728236 961368951
916661023 939610994 587555388
283764123 460418163 382786181
987232758 989855778 175763010
654169964 695014233 372282169
176166976 758188641 381043651
146541543 373002908 13438085
374318624 809534690 305938749
114376175 399349175 670465765
124063281 886118469 248380254
15759975 980492202 756461790
510434538 660381495 89324861
406187534 536881895 657900239
366109605 696839992 294472499
808481535 973359669 613537884
722138268 862495903 398423840
55047849 540300054 846789167
607220655 680283984 291170215
657760976 813720621 48818708
953614127 989413987 765869420
411479867 543448139 32910981
580842821 610505264 298406941
592814740 939815957 674199285
246240830 624572522 933099636
347155615 738926771 433565644
168742168 580036448 290921065
761461444 958014600 139165065
358677049 401587397 386449655
395512922 879795724 172649705
321729617 969536035 973332714
845667712 864459843 587976807
202372687 480994274 937888416
900400842 916381668 953402398
37826090 234100342 801665400
286106706 471655567 693683587
907284706 960900972 761110203
492956579 679251067 8666145
280760455 978066352 504180829
75399788 213424583 420114348
118587921 939130929 115510939
572856353 865752510 818196508
653553025 858096196 723853817
626820273 887339227 199261699
88867184 148160115 718568677
884995226 947295812 393482484
649616888 694432926 759302396
715796682 956399424 489977058
217657673 819718887 591707450
857820642 978083486 845585135
998857276 999227625 112785016
657239208 895408326 484656035
672876062 931212159 109398610
886872878 968698369 624045486
617848520 921944414 476252395
653786378 997585284 786351804
856980327 952866977 960427959
573436789 981987684 412802000
159302201 648345248 518844113
631310437 695228687 51953928
568350033 607169532 776362915
225768110 644815043 385076709
188241001 586068590 335322993
924621021 997727726 100485459
187376644 595712881 236621141
253554287 421637776 209043507
90535170 360181429 174751588
39157792 904501510 361451318
465884887 783600315 532106122
700403954 714732172 248853470
837973329 913398699 436427929
516255285 937787285 81549472
785819912 786830215 635709974
385683744 559432154 223443124
525180543 608054301 526344863
767801798 895591270 838518324
527963481 900983523 563963184
37773837 177009414 916416649
698698308 751446643 588806160
35743035 532785297 503424192
93909087 872114506 96118240
218273082 278465809 131921883
754708180 828849684 968941814
741577505 808750597 505556892
936102409 951392890 809627022
707233034 960191385 551654909
85797814 645123332 423856544
611495113 887859036 755925858
643653472 884907152 592799568
138032565 605328667 430800742
124582714 920682815 997130994
276188386 591118947 281773754
224463258 648559264 693209937
720770379 754101932 34115261
17172894 66580474 43754454
599851260 667114639 919500584
732239271 918776645 696499933
223556639 884420574 760352572
57272884 689069870 786554800
296350404 566772436 405321588
488892898 563579094 937433383
840495392 888355009 628327792
517720192 744425787 244824947
454516283 611105292 845514005
230273718 372920469 208500687
774591529 882921070 539162774
426060999 851790855 146294666
893483480 897483948 279772237
144157908 587320151 79324276
70136260 855817048 690824433
577984199 628660864 768842708
675496997 875450146 203795582
310812481 851524906 404044917
72277430 532292316 865539003
265397167 536590132 883065796
202091364 878296816 64774539
621506964 750699122 549121478
41215481 963267259 230465539
978179269 986900903 814534781
275989959 687089595 3116732
512050784 857006117 205798371
997744716 999469501 101857789
547170378 581624681 105164361
873683102 943099921 500974134
541794473 767934562 600189756
301576316 587290612 648448622
43560667 163429663 563071773
934504382 945704473 698988947
299593370 541714139 572007383
950537487 974584264 18447380
972298863 977414821 832125543
825201280 844065697 247102882
351699414 760800730 168292691
331977565 710867282 259039766
265461592 645730026 22556818
274482421 608355238 348986619
798741172 927656089 793332297
145586297 172969170 991442245
820973714 912510689 115090923
45670697 443135770 954019499
505465205 585978787 737967114
421178788 620468744 182913996
351245804 981143085 7348489
837614926 927496516 424315741
16601591 566064290 731616903
111246853 577935885 825891
329798367 778905558 948063511
921290305 930292333 856039061
275722564 589965727 633834238
867216762 913523596 621874881
964742820 970621111 570551284
397946478 820536197 60426255
693612169 877911847 133284507
399163629 901390932 459608537
658180820 870141369 75099639
979073633 987440806 904859921
55645499 932908056 309777669
267387674 329253033 81213817
737757170 773975158 164911432
245532996 511762435 400845880
853044091 939520836 776826241
780153276 911314255 142828381
240561010 636625028 860028205
18828046 520440487 385956659
986032878 993961541 256533418
69115822 70983184 303320623
717994539 883426870 69848212
671483731 824587469 213917296
237934701 783885865 902743395
766439751 873505234 186619155
73764955 355240441 655604682
281378315 541221847 457319355
797454278 897836137 798327941
606980725 978281347 416446401
131523646 394153658 140017074
660698207 762884227 32869475
697511229 765320411 380750435
318292114 730740343 387203759
876028856 950632342 587671432
386901725 420636336 113507668
95391450 968875102 676806465
86363209 921913181 357148414
66561220 524088666 200963158
228977454 538369370 509299961
349786187 715622604 862331424
552479853 727811290 673237782
121955071 949008218 104991578
502753061 943210768 707420196
400108791 923010461 579254691
247681031 698234399 34786979
330369396 930120383 859757012
872177339 928608634 332008126
3590776 561828482 264055961
356841616 358139133 443299974
699194133 946077369 79899293
826772837 965646729 809528176
15341226 78258317 141962853
546426442 576998465 430800603
285171913 938912603 345715281
878605714 913811925 831146017
275944440 942547566 326467310
140920566 746285032 381225983
967938082 979280578 539638740
284461543 632062760 408592028
823172782 979580990 934170465
699292470 846018595 219936128
378292015 968486509 49295638
779700163 985721375 787315466
579541806 910787949 271659750
8239499 861733467 737294072
147960303 247380458 117476361
918313307 967360206 258312550
819229041 871023090 621016331
40226217 170274168 235803750
397312184 738619592 167165707
328372613 481960294 894698345
915584110 920752264 377625523
569198285 760941684 632957472
64201193 634348863 492100742
53085483 228324627 973298538
221818770 268509103 877036897
203627973 438769605 295840196
798669383 854864550 472310704
614116032 818159824 684888501
28857945 776705312 864156709
112338883 877105453 270066475
160443892 980622539 532233801
734725720 820358412 31069610
110467242 628395430 796803866
669107075 883898607 909633526
421918944 708555510 138296830
891271370 942757121 547118842
128531416 131103516 103850021
63440139 447032385 529378499
33528107 718814309 953820569
349473776 840483180 804501955
15568208 522286985 768807509
608142575 982799083 248622209
232387742 462812420 83523324
666800625 942244820 850539491
239542778 539371340 580278815
27298180 323108506 79355691
584444759 804173307 57289058
309409716 415833758 925470141
59541662 824995833 857861570
908538665 957268173 61043415
118168591 856832609 88719511
881079551 968942951 181929444
737974855 842941151 476707229
565848705 615669211 471928159
851031430 971426904 231627350
436997663 655832500 462264732
332983693 678318999 479865225
599129386 942291064 153445220
117429087 758614965 947657262
154533461 190041466 720145202
555316237 783911471 293497895
933272184 979997847 635971725
174371064 727461306 46322944
772953675 774469425 61701890
163047153 854328316 775539062
497533138 742320369 81127163
716662710 754144853 458327484
104083353 321965713 677281782
24374777 95008976 380038817
69119339 590022835 735074442
861835708 908478547 525655318
751848086 998503989 987788220
171880348 562890189 95522415
436355952 682779154 969792582
447121900 456860451 587394086
335109117 793057285 570007639
409202788 585025156 278713159
738146839 912644652 839499347
95245393 279684019 184020775
183906004 969982020 414498862
874100279 969761104 532905760
359119847 503608886 318090314
723527205 996617712 303182208
699156031 957004841 175439911
638901289 855612560 601707001
268160867 739864986 201930764
724851215 996842132 126107872
242048310 757280887 335807933
902018489 995304016 999064977
824297867 886604075 812390829
885105548 912186716 965347348
296282184 597670742 849888417
117732999 768812250 747630815
63282001 71691303 339689912
205621512 553295377 851276370
842699958 942643849 562473194
853967992 875587210 818877883
552039438 788495069 235178347
974988115 984167318 365150097
828800082 880578985 262768204
136029466 957578500 306699980
784683519 867924642 578255234
690971740 963111375 542948706
874373066 892069384 947485270
983361225 988918066 815952470
131412862 847942690 125981373
827571299 904501281 245776694
325510291 466326094 460992683
707597515 852322965 295726907
64627144 150124474 165151974
77552856 845409771 669929537
766030359 948313510 149446035
979111367 992482105 270049208
282605492 730694980 793827380
463208012 569671354 85461657
733828266 880546633 612297952
265612090 782168906 932342692
596395922 795443357 639753829
159172768 589160057 928813959
245613999 917568443 301986730
753016761 826261163 976930311
705216177 923184591 252024522
714176340 977775632 523966753
654707504 957981841 687564341
918656114 970529758 303749992
339996704 521699518 393182308
561741341 567458597 411355914
247673970 874330411 957652034
253994634 443539156 173771013
718585700 934554322 55529326
275149793 876043538 952555904
706813459 750923398 400464416
46419882 94424641 595619808
189999030 594281176 332674136
88692765 462778001 510919886
777194859 829078075 523047593
965748932 967737562 732258166
212598362 758936601 551867618
563770159 617910561 823480043
93129412 594291062 887147625
789942204 833963356 387363871
86764530 406386868 624558624
984980750 993105754 967043386
160756359 496095195 921188528
138051652 139541833 270346100
157400821 523665854 362168840
308737404 856178405 558942883
586968097 599068816 566600114
811877292 827706138 621705901
999587667 999959785 908447382
472639855 704873162 788428547
799333901 973221221 144692337
387483219 631164127 616718148
803392971 873795443 849609567
315738476 866747828 326369509
802878667 938800503 606967283
963849960 985432952 991560383
30026235 661108117 424088588
47705008 773618606 683405246
317053258 691731707 494428064
390314407 624204161 903902506
43283421 925580067 594172940
2640449 379174989 834165527
871165922 996298785 286705585
313645952 691486859 253551401
452916023 623980466 695599563
804532294 967205071 575899407
35592149 707714153 26647719
565811416 834284286 976003842
290650356 318268259 311606025
378263309 732930323 801374716
601508106 796698082 271183696
498294574 716264465 352145713
381308399 633900128 604774630
697239535 816591979 27075641
484770437 951707641 911178452
508520528 784371691 313887903
166954533 371818105 19754875
866340596 881710181 139890813
900286136 963649323 3375782
595365242 833976491 415024181
914714371 962101035 372302481
407762108 829128916 817947381
742830345 960670900 469538248
600677407 931320666 453510239
449640562 774708108 657564003
736868107 925678502 383279890
30775927 945582479 919327428
159784541 586061632 42949857
654541232 899990593 985192885
520933777 657957899 478788566
404196815 493012902 999058439
134364555 627954031 804146620
69820728 292013938 266959879
332329279 458699599 918439665
264982355 341935642 951547211
732016827 888082738 389103624
537028563 852353869 652641455
314211967 447177396 800929837
736184491 851336886 76911863
485445041 984175505 908426578
668247846 989284893 2561422
603184506 878012532 484270428
41566264 816399972 771971625
188142297 860300489 582378860
292053111 822490915 394302574
368351157 785780170 834575959
191234733 277508499 849060071
221478223 293241738 981687859
89467857 306407345 605858459
661608204 720046496 386659886
742197699 770128033 949337365
